name: slowfast
channels:
  - pytorch
  - conda-forge
  - defaults
dependencies:
  - _libgcc_mutex=0.1=main
  - blas=2.10=openblas
  - bzip2=1.0.8=h516909a_0
  - ca-certificates=2019.5.15=0
  - cairo=1.16.0=h18b612c_1001
  - certifi=2019.6.16=py37_0
  - cffi=1.12.3=py37h2e261b9_0
  - cudatoolkit=10.0.130=0
  - dbus=1.13.6=he372182_0
  - expat=2.2.5=he1b5a44_1003
  - ffmpeg=4.1.3=h167e202_0
  - fontconfig=2.13.1=he4413a7_1000
  - freetype=2.9.1=h8a8886c_1
  - gettext=0.19.8.1=hc5be6a0_1002
  - giflib=5.1.9=h516909a_0
  - glib=2.58.3=h6f030ca_1002
  - gmp=6.1.2=hf484d3e_1000
  - gnutls=3.6.5=hd3a4fd2_1002
  - graphite2=1.3.13=hf484d3e_1000
  - gst-plugins-base=1.14.5=h0935bb2_0
  - gstreamer=1.14.5=h36ae1b5_0
  - harfbuzz=2.4.0=h37c48d4_1
  - hdf5=1.10.5=nompi_h3c11f04_1100
  - icu=58.2=hf484d3e_1000
  - intel-openmp=2019.4=243
  - jasper=1.900.1=h07fcdf6_1006
  - joblib=0.13.2=py37_0
  - jpeg=9c=h14c3975_1001
  - lame=3.100=h14c3975_1001
  - libblas=3.8.0=10_openblas
  - libcblas=3.8.0=10_openblas
  - libedit=3.1.20181209=hc058e9b_0
  - libffi=3.2.1=hd88cf55_4
  - libgcc-ng=9.1.0=hdf63c60_0
  - libgfortran-ng=7.3.0=hdf63c60_0
  - libiconv=1.15=h516909a_1005
  - liblapack=3.8.0=10_openblas
  - liblapacke=3.8.0=10_openblas
  - libopenblas=0.3.6=h6e990d7_4
  - libpng=1.6.37=hbc83047_0
  - libstdcxx-ng=9.1.0=hdf63c60_0
  - libtiff=4.0.10=h2733197_2
  - libuuid=2.32.1=h14c3975_1000
  - libwebp=1.0.2=h576950b_1
  - libxcb=1.13=h14c3975_1002
  - libxml2=2.9.9=h13577e0_2
  - mkl=2019.4=243
  - mkl_fft=1.0.13=py37h516909a_1
  - mkl_random=1.0.4=py37hf2d7682_0
  - ncurses=6.1=he6710b0_1
  - nettle=3.4.1=h1bed415_1002
  - ninja=1.9.0=py37hfd86e86_0
  - numpy=1.16.4=py37h99e49ec_0
  - numpy-base=1.16.4=py37h2f8d375_0
  - olefile=0.46=py37_0
  - openblas=0.3.6=h6e990d7_4
  - opencv=4.1.0=py37h3aa1047_5
  - openh264=1.8.0=hdbcaa40_1000
  - openssl=1.1.1c=h7b6447c_1
  - pcre=8.41=hf484d3e_1003
  - pillow=6.1.0=py37h34e0f95_0
  - pip=19.1.1=py37_0
  - pixman=0.38.0=h516909a_1003
  - pthread-stubs=0.4=h14c3975_1001
  - pycparser=2.19=py37_0
  - python=3.7.3=h0371630_0
  - pytorch=1.1.0=py3.7_cuda10.0.130_cudnn7.5.1_0
  - qt=5.9.7=h52cfd70_2
  - readline=7.0=h7b6447c_5
  - scikit-learn=0.21.2=py37h22eb022_0
  - scipy=1.3.0=py37he2b7bc3_0
  - setuptools=41.0.1=py37_0
  - six=1.12.0=py37_0
  - sqlite=3.29.0=h7b6447c_0
  - tk=8.6.8=hbc83047_0
  - torchvision=0.3.0=py37_cu10.0.130_1
  - wheel=0.33.4=py37_0
  - x264=1!152.20180806=h14c3975_0
  - xorg-kbproto=1.0.7=h14c3975_1002
  - xorg-libice=1.0.10=h516909a_0
  - xorg-libsm=1.2.3=h84519dc_1000
  - xorg-libx11=1.6.8=h516909a_0
  - xorg-libxau=1.0.9=h14c3975_0
  - xorg-libxdmcp=1.1.3=h516909a_0
  - xorg-libxext=1.3.4=h516909a_0
  - xorg-libxrender=0.9.10=h516909a_1002
  - xorg-renderproto=0.11.1=h14c3975_1002
  - xorg-xextproto=7.3.0=h14c3975_1002
  - xorg-xproto=7.0.31=h14c3975_1007
  - xz=5.2.4=h14c3975_4
  - zlib=1.2.11=h7b6447c_3
  - zstd=1.3.7=h0b5b093_0
  - pip:
    - protobuf==3.9.0
    - tensorboardx==1.8
prefix: /usr1/home/salvadom/anaconda3/envs/slowfast

